bed 95.79506516456604 [980, 702, 1797, 1159]
chair 92.2002911567688 [964, 642, 1125, 845]
tv 66.26607179641724 [12, 705, 197, 955]
chair 96.38107419013977 [394, 665, 570, 967]
potted plant 84.48441624641418 [191, 306, 304, 405]
vase 41.84784293174744 [708, 463, 751, 498]
vase 46.61974012851715 [693, 546, 723, 581]
potted plant 71.09348773956299 [231, 595, 317, 681]
vase 68.02188754081726 [700, 627, 748, 666]
vase 44.710931181907654 [248, 635, 293, 681]
laptop 62.48112916946411 [289, 613, 424, 696]
potted plant 47.416770458221436 [1110, 589, 1162, 763]
vase 79.69709038734436 [1761, 728, 1873, 825]
